['Ausztria', 137, 67, 581, 265, 299, 252]
['Svájc', 46, 30, 643, 294, 131, 66]
['Svédország', 45, 18, 650, 288, 90, 78]
['Csehszlovákia', 38, 19, 649, 296, 83, 58]
['Németország', 37, 12, 654, 292, 68, 74]
['Olaszország', 36, 9, 660, 287, 57, 67]
['Lengyelország', 34, 21, 652, 297, 92, 43]
['Jugoszlávia', 32, 15, 654, 297, 58, 54]
['Anglia', 27, 7, 668, 288, 36, 68]
['Románia', 25, 11, 659, 299, 48, 29]
['Bulgária', 24, 14, 659, 300, 58, 26]
['Franciaország', 23, 12, 663, 297, 48, 32]
['Görögország', 22, 6, 666, 295, 37, 33]
['Szovjetunió', 22, 4, 667, 294, 21, 37]
['Norvégia', 19, 9, 664, 300, 35, 20]
['Finnország', 18, 12, 663, 302, 47, 12]
['NDK', 17, 9, 665, 301, 30, 17]
['Hollandia', 17, 5, 671, 295, 29, 51]
['Dánia', 16, 9, 665, 302, 40, 16]
['Törökország', 15, 9, 667, 301, 36, 16]
['Portugália', 14, 0, 674, 295, 10, 33]
['Írország', 13, 5, 667, 303, 25, 18]
['Spanyolország', 13, 3, 670, 300, 18, 21]
['Belgium', 13, 2, 674, 296, 16, 31]
['Luxemburg', 12, 10, 667, 304, 50, 14]
['Málta', 12, 9, 667, 304, 28, 6]
['Izland', 12, 8, 669, 302, 24, 12]
['Wales', 12, 4, 672, 299, 15, 17]
['Horvátország', 12, 2, 670, 301, 10, 19]
['Csehország', 10, 4, 670, 303, 24, 20]
['Skócia', 9, 4, 672, 302, 18, 14]
['Oroszország', 9, 2, 673, 301, 24, 12]
['Ciprus', 8, 7, 671, 304, 14, 5]
['Lettország', 8, 7, 671, 304, 17, 7]
['Albánia', 8, 5, 672, 303, 19, 2]
['Azerbajdzsán', 7, 7, 671, 305, 19, 2]
['Észak-Írország', 7, 5, 672, 304, 9, 4]
['Moldova', 7, 4, 672, 304, 10, 6]
['Argentína', 7, 1, 676, 300, 6, 15]
['Mexikó', 7, 1, 676, 300, 6, 15]
['San Marino', 6, 6, 672, 305, 26, 0]
['Litvánia', 6, 5, 672, 305, 16, 2]
['Andorra', 6, 5, 673, 304, 17, 3]
['Észtország', 6, 4, 673, 304, 16, 5]
['Szlovákia', 6, 0, 676, 301, 2, 7]
['Brazília', 5, 3, 674, 304, 11, 7]
['Egyiptom', 5, 3, 674, 304, 9, 5]
['Szerbia', 5, 2, 675, 303, 5, 5]
['Izrael', 5, 1, 675, 303, 3, 5]
['Irán', 4, 4, 674, 305, 11, 1]
['Feröer-szigetek', 4, 3, 674, 305, 4, 1]
['Bosznia', 4, 2, 674, 305, 6, 3]
['Uruguay', 4, 1, 675, 304, 7, 6]
['Szlovénia', 4, 1, 677, 302, 3, 5]
['Új-Zéland', 3, 3, 675, 305, 6, 2]
['Liechtenstein', 3, 2, 675, 305, 10, 0]
['Macedónia', 3, 2, 675, 305, 6, 0]
['Katar', 3, 2, 675, 305, 8, 2]
['USA', 3, 1, 676, 304, 2, 2]
['Ausztrália', 3, 0, 678, 302, 2, 8]
['Montenegró', 3, 0, 677, 303, 5, 7]
['Kanada', 2, 2, 676, 305, 3, 0]
['Dél-Korea', 2, 2, 676, 305, 10, 0]
['Japán', 2, 2, 676, 305, 4, 2]
['Arab Emírségek', 2, 2, 676, 305, 6, 1]
['Ukrajna', 2, 2, 676, 305, 5, 2]
['Ázsia-válogatott', 2, 2, 676, 305, 5, 0]
['Bolívia', 2, 2, 676, 305, 9, 2]
['Kazahsztán', 2, 1, 677, 304, 5, 3]
['Salvador', 2, 1, 676, 305, 11, 2]
['Grúzia', 2, 1, 677, 304, 5, 4]
['Szaúd-Arábia', 2, 0, 676, 305, 2, 2]
['Belorusszia', 2, 0, 677, 304, 3, 6]
['Peru', 2, 0, 678, 303, 3, 5]
['Chile', 2, 0, 677, 304, 1, 5]
['Libanon', 1, 1, 677, 305, 4, 1]
['Algéria', 1, 1, 677, 305, 3, 1]
['Costa Rica', 1, 1, 677, 305, 1, 0]
['Antigua és Barbuda', 1, 1, 677, 305, 3, 0]
['Kolumbia', 1, 1, 677, 305, 3, 1]
['Örményország', 1, 1, 677, 305, 2, 0]
['Kuvait', 1, 1, 677, 305, 1, 0]
['India', 1, 1, 677, 305, 2, 1]
['Holland-India', 1, 1, 677, 305, 6, 0]
['Elefántcsontpart', 1, 0, 677, 305, 0, 0]
['Fehéroroszország', 1, 0, 677, 305, 1, 1]
['Jordánia', 1, 0, 677, 305, 1, 1]
['Montenegro', 1, 0, 677, 305, 0, 0]
['Kína', 1, 0, 678, 304, 1, 2]
